software	hardware
10.019703	9.67
10.038418	9.99
10.056146	10.04
10.072887	10.04
10.088643	10.04
10.103414	10.39
10.1172	10.52
10.130002	10.61
10.141821	10.42
10.152658	10.04
10.162513	9.7
10.171387	9.46
10.17928	9.43
10.186193	7.88
10.192128	5.66
10.197084	5.5
10.201062	5.48
10.204063	5.43
10.206088	3.14
10.207137	2.73
10.207211	2.63
10.206309	2.63
10.204434	1.93
10.201586	0.01
10.197765	-0.01
10.192973	-0.01
10.187209	-0.01
10.180475	-0.01
10.172771	-0.01
10.164098	-0.01
10.154456	-0.01
10.143847	-0.01
10.132269	-0.01
10.119725	-0.01
10.106215	-0.01
10.091741	-0.01
10.076301	-0.01
10.059897	-0.02
10.042531	-0.36
10.024201	-0.41
10.00491	-0.41
9.984658	-0.33
9.963445	-0.33
9.941272	-0.33
9.918112	-0.33
9.8939	-0.33
9.868631	-0.33
9.842305	-0.33
9.81492	-0.33
9.786477	-0.33
9.756974	-0.33
9.726433	-0.33
9.695165	-0.33
9.66301	-0.33
9.629878	-0.25
9.595773	0.07
9.560696	0.16
9.524649	0.16
9.487635	0.17
9.449656	0.23
9.410713	0.29
9.370811	1.23
9.329949	2.6
9.288132	3.31
9.24536	3.61
9.201637	3.6
9.156965	3.5
9.111345	3.4
9.06478	3.19
9.017273	2.84
8.968824	2.78
8.919437	2.45
8.869115	1.37
8.817858	0
8.765669	-0.01
8.71255	-0.01
8.658504	-0.01
8.603533	-0.01
8.547616	-0.01
8.490518	-0.01
8.432199	-0.01
8.372662	-0.01
8.311934	-0.01
8.25032	-0.01
8.187888	-0.01
8.12464	-0.01
8.060578	-0.01
7.995703	0
7.930016	0.04
7.86352	0.05
7.796215	0.05
7.728248	0.05
7.659703	0.05
7.590286	0.05
7.519975	0.05
7.448775	0.05
7.376686	0.05
7.303713	0.05
7.229856	0.05
7.155118	0.05
7.079502	0.05
7.00301	0.05
6.925646	0.05
6.847408	0.05
6.768302	-0.13
6.68833	-0.18
6.607494	-0.19
6.525795	-0.19
6.443237	-0.19
6.359822	-0.19
6.275551	-0.19
6.190428	-0.19
6.104454	-0.19
6.017633	-0.19
5.929966	-0.19
5.841454	-0.19
5.752102	-0.19
5.661912	-0.19
5.570884	-0.25
5.479022	-0.48
5.386328	-0.48
5.292804	-0.43
5.198452	-0.43
5.103274	-0.43
5.007274	-0.43
4.910453	-0.43
4.812813	-0.43
4.714356	-0.43
4.615086	-0.43
4.515002	-0.43
4.41411	-0.43
4.31241	-0.43
4.209904	-0.21
4.106595	0.02
4.002485	0.03
3.897576	0.03
3.79187	0.03
3.68537	0.03
3.578077	0.03
3.469994	0
3.361122	0
3.251466	0
3.141024	0
3.029802	0
2.9178	0
2.80502	0
2.691465	0
2.577137	0
2.462038	0
2.346169	0
2.229534	0
2.112134	0
1.993972	0
1.875049	0
1.755372	0
1.634944	0
1.513771	0
1.391856	0
1.269204	0
1.145818	0
1.021702	0
0.896861	0
0.771298	0
0.645018	0
0.518024	0
0.390321	0
0.261912	0
0.132801	0
0.002992	0
0	0
0.090536	-0.01
0.179971	-0.01
0.268307	-0.01
0.355546	-0.01
0.44169	-0.01
0.526741	-0.01
0.610701	-0.01
0.693572	-0.01
0.775356	-0.01
0.856054	-0.01
0.935669	-0.01
1.014203	-0.02
1.091658	-0.08
1.168035	-0.41
1.243336	-0.47
1.317564	-0.46
1.390721	-0.45
1.462807	-0.45
1.533826	-0.45
1.603779	-0.45
1.672667	-0.45
1.740494	-0.45
1.80726	-0.45
1.872968	-0.45
1.93762	-0.45
2.001217	-0.45
2.063761	-0.45
2.125255	-0.45
2.185699	-0.41
2.245097	-0.1
2.303449	0
2.360758	0
2.417026	0.01
2.472254	0.04
2.526444	0.07
2.579599	0.63
2.631719	0.71
2.682808	0.75
2.732865	0.75
2.781895	0.67
2.829898	0.46
2.876875	0.44
2.92283	0.39
2.967764	0.04
3.011678	0
3.054575	-0.01
3.096456	-0.01
3.137323	-0.01
3.177178	-0.01
3.216022	-0.01
3.253858	-0.01
3.290688	-0.01
3.326512	-0.01
3.361334	-0.01
3.395154	-0.01
3.427974	-0.01
3.459796	-0.01
3.490623	-0.01
3.520455	0
3.549295	0
3.577144	0.02
3.604004	0.02
3.629877	0.02
3.654764	0.02
3.678668	0.02
3.70159	0.02
3.723532	0.02
3.744495	0.02
3.764481	0.02
3.783492	0.02
3.801531	0.02
3.818598	0.02
3.834694	0.02
3.849823	0.02
3.863985	0.02
3.877183	-0.02
3.889418	-0.02
3.900691	-0.03
3.911005	-0.03
3.920362	-0.03
3.928762	-0.03
3.936207	-0.03
3.9427	-0.03
3.948242	-0.03
3.952834	-0.03
3.956479	-0.03
3.959183	-0.03
3.961021	-0.03
3.962012	-0.03
3.96215	-0.04
3.961433	-0.36
3.959855	-0.48
3.957393	-0.48
3.953966	-0.44
3.949571	-0.44
3.944207	-0.44
3.937875	-0.44
3.930575	-0.44
3.922309	-0.44
3.913076	-0.44
3.902878	-0.44
3.891715	-0.44
3.879588	-0.44
3.866448	-0.44
3.85225	-0.39
3.836987	-0.09
3.820549	0.01
3.802856	0.01
3.783904	0.02
3.76369	0.03
3.742214	0.04
3.71961	0.1
3.695974	0.18
3.671307	0.21
3.64563	0.16
3.619272	0
3.592117	0
3.564054	0
3.535083	0
3.505208	0
3.474429	0
3.442749	0
3.410169	0
3.376692	0
3.342318	0
3.30705	0
3.27089	0
3.233839	0
3.195887	0
3.156852	0
3.116828	0
3.075836	0.01
3.033879	0.01
2.99096	0.01
2.947081	0.01
2.902244	0.01
2.856454	0.01
2.80971	0.01
2.762017	0.01
2.713376	0.01
2.663792	0.01
2.613264	0.01
2.561798	0.01
2.509394	0.01
2.456056	0.01
2.401786	0.01
2.346586	0.01
2.290459	0
2.233407	-0.01
2.175434	-0.01
2.11654	-0.01
2.05673	-0.01
1.996004	-0.01
1.934367	-0.01
1.87182	-0.01
1.808365	-0.01
1.744005	-0.01
1.678743	-0.01
1.61258	-0.01
1.54552	-0.01
1.477565	-0.01
1.408716	-0.01
1.338978	-0.03
1.268351	-0.15
1.196838	-0.46
1.124443	-0.47
1.051166	-0.46
0.97701	-0.44
0.901979	-0.44
0.826073	-0.44
0.749296	-0.44
0.67165	-0.44
0.593137	-0.44
0.51376	-0.44
0.43352	-0.44
0.352421	-0.44
0.270464	-0.44
0.187652	-0.44
0.103987	-0.44
0.019471	-0.17
0	0
0.059294	0
0.117542	0.01
0.174747	0.02
0.230909	0.04
0.286032	0.17
0.340117	0.52
0.393165	0.62
0.445179	0.63
0.49616	0.56
0.54611	0.53
0.595032	0.36
0.642926	0.31
0.689795	0.23
0.735641	0
0.780465	-0.01
0.82427	-0.01
0.867056	-0.01
0.908826	-0.01
0.949582	-0.01
0.989325	-0.01
1.028058	-0.01
1.065782	-0.01
1.102498	-0.01
1.138209	-0.01
1.172917	-0.01
1.206622	-0.01
1.239328	-0.01
1.271036	0
1.301747	0.01
1.331464	0.02
1.360187	0.02
1.38792	0.02
1.414663	0.02
1.440418	0.02
1.465188	0.02
1.488974	0.02
1.511777	0.02
1.5336	0.02
1.554443	0.02
1.57431	0.02
1.593201	0.02
1.611119	0.02
1.628065	0.02
1.64404	0.02
1.659047	-0.01
1.673088	-0.02
1.686163	-0.02
1.698275	-0.02
1.709425	-0.02
1.719615	-0.02
1.728847	-0.02
1.737123	-0.02
1.744443	-0.02
1.750811	-0.02
1.756227	-0.02
1.760694	-0.02
1.764212	-0.02
1.766784	-0.02
1.768407	-0.04
1.768988	-0.26
1.768462	-0.48
1.766829	-0.48
1.76409	-0.44
1.760244	-0.44
1.7553	-0.44
1.749389	-0.44
1.742578	-0.44
1.734924	-0.44
1.726462	-0.44
1.717187	-0.44
1.707089	-0.44
1.696088	-0.44
1.684167	-0.44
1.671321	-0.44
1.65754	-0.2
1.642754	0.01
1.626935	0.01
1.610082	0.01
1.592195	0.02
1.573272	0.02
1.553314	0.04
1.532319	0.12
1.510288	0.16
1.487236	0.26
1.463479	0.21
1.439192	0.08
1.41428	0.03
1.388448	0
1.361413	0
1.333219	0
1.304022	0
1.273831	0
1.242647	0
1.210473	0
1.177312	0
1.143166	0
1.108038	0
1.071931	0
1.034848	0
0.99679	0
0.95776	0
0.917762	0
0.876797	0
0.834869	0.01
0.791979	0.01
0.74813	0.01
0.703326	0.01
0.657568	0.01
0.610859	0.01
0.563201	0.01
0.514598	0.01
0.465051	0.01
0.414563	0.01
0.363137	0.01
0.310775	0.01
0.25748	0.01
0.203254	0.01
0.148099	0.01
0.092019	0
0.035015	-0.01
0	-0.01
0.040317	-0.01
0.079621	-0.01
0.117916	-0.01
0.155202	-0.01
0.191481	-0.01
0.226756	-0.01
0.261028	-0.01
0.294298	-0.01
0.326569	-0.01
0.357842	-0.01
0.388119	-0.01
0.417402	-0.01
0.445693	-0.03
0.472993	-0.16
0.499304	-0.47
0.524628	-0.47
0.548967	-0.45
0.572322	-0.44
0.594696	-0.44
0.616089	-0.44
0.636504	-0.44
0.655942	-0.44
0.674406	-0.44
0.691896	-0.44
0.708415	-0.44
0.723964	-0.44
0.738545	-0.44
0.75216	-0.44
0.76481	-0.32
0.776498	-0.04
0.787224	0.01
0.796988	0.01
0.805703	0.01
0.813306	0.03
0.819797	0.05
0.825177	0.33
0.829444	0.51
0.8326	0.57
0.83472	0.51
0.835916	0.39
0.836195	0.26
0.835558	0.25
0.834007	0.01
0.831544	0
0.82817	0
0.823886	0
0.818696	0
0.8126	0
0.805601	0
0.797699	0
0.788888	0
0.779095	0
0.76832	0
0.756641	0
0.744061	0
0.730573	0
0.716173	0
0.700854	0
0.684613	0.01
0.667442	0.02
0.649338	0.02
0.630273	0.02
0.610176	0.02
0.58904	0.02
0.566846	0.02
0.543937	0.02
0.520376	0.02
0.495835	0.02
0.470286	0.02
0.443733	0.02
0.416179	0.02
0.387626	0.02
0.358076	0.02
0.327533	0.02
0.295999	0
0.263476	-0.02
0.229968	-0.02
0.195476	-0.02
0.160005	-0.02
0.123555	-0.02
0.08613	-0.02
0.047732	-0.02
0.008365	-0.02
0	-0.02
0.028151	-0.02
0.055312	-0.02
0.081484	-0.02
0.10667	-0.02
0.13087	-0.03
0.154086	-0.15
0.176321	-0.47
0.197576	-0.48
0.217853	-0.46
0.237153	-0.44
0.255478	-0.44
0.272831	-0.44
0.289212	-0.44
0.304623	-0.44
0.319067	-0.44
0.332536	-0.44
0.344928	-0.44
0.356204	-0.44
0.366367	-0.44
0.375416	-0.37
0.38335	-0.08
0.390169	0.01
0.395952	0.01
0.400805	0.01
0.404734	0.02
0.407739	0.04
0.409822	0.16
0.410986	0.26
0.411232	0.29
0.410562	0.24
0.408977	0.22
0.40648	0.09
0.403071	0.06
0.398754	0.01
0.393528	0
0.387397	0
0.380362	0
0.372419	0
0.363498	0
0.353585	0
0.342681	0
0.330786	0
0.317931	0
0.304174	0
0.289513	0
0.273942	0
0.257456	0
0.24005	0
0.221718	0
0.202435	0
0.182132	0.01
0.160808	0.01
0.138704	0.01
0.116029	0.01
0.092378	0.01
0.067718	0.01
0.042052	0.01
0.015382	0.01
0	0.01
0.019393	0.01
0.03781	0.01
0.055255	0.01
0.071727	0.01
0.087222	0.01
0.101632	0.01
0.114927	-0.01
0.127106	-0.01
0.138169	-0.01
0.148117	-0.01
0.156948	-0.01
0.164731	-0.01
0.171579	-0.01
0.177498	-0.01
0.182489	-0.01
0.186555	-0.01
0.189697	-0.01
0.191917	-0.01
0.193218	-0.01
0.193599	-0.01
0.193064	-0.03
0.191614	-0.17
0.189251	-0.47
0.185977	-0.47
0.181792	-0.46
0.1767	-0.44
0.170702	-0.44
0.163799	-0.44
0.155971	-0.44
0.147154	-0.44
0.137345	-0.44
0.126544	-0.44
0.114752	-0.44
0.101968	-0.44
0.08822	-0.44
0.073568	-0.44
0.058012	-0.33
0.041546	-0.05
0.024165	0.01
0.00583	0.01
0	0.02
0.012548	0.05
0.023979	0.2
0.034293	0.47
0.043503	0.53
0.051749	0.48
0.059063	0.43
0.065447	0.42
0.070902	0.23
0.075432	0.2
0.079036	0
0.081718	0
0.083478	0
0.084319	0
0.084243	0
0.08325	0
0.081344	0
0.078525	0
0.074795	0
0.070157	0
0.064611	0
0.05816	0
0.050798	0
0.042458	0
0.033124	0
0.022797	0.02
0.011479	0.02
0	0.01
0.007192	0.01
0.013455	0.01
0.01879	0.01
0.023198	0.01
0.026682	0.01
0.029243	0.01
0.030883	0.01
0.031604	0.01
0.031408	0.01
0.030295	0.01
0.028269	0.01
0.025331	0.01
0.021482	0.01
0.016724	0.01
0.011059	-0.02
0.00449	-0.02
0	-0.02
0.004126	-0.02
0.007329	-0.02
0.009609	-0.02
0.010968	-0.02
0.01141	-0.02
0.010934	-0.02
0.009542	-0.02
0.007238	-0.02
0.004022	-0.02
0	-0.02
0.001787	-0.02
0.002655	-0.04
0.002604	-0.45
0.001638	-0.48
0	-0.47
0.000218	-0.44
0	-0.44
0	-0.44
0	-0.44
0	-0.44
0	-0.44
0	-0.44
0	-0.44
0	-0.44
0	-0.44
0	-0.44
0	-0.44
0	-0.22
0	0
0	0.01
0	0.01
0	0.01
0	0.03
0	0.05
0	0.22
0	0.29
0	0.31
0	0.25
0	0.13
0	0.03
0	0
0	0
0	0
0	0
0	0
0	0
0	0
0	0
0	0
0	0
0	0
0	0
0	0
0	0
0	0
0	0
0	0.01
0	0.01
0	0.01
0	0.01
0	0.01
0	0.01
0	0.01
0	0.01
0	0.01
0	0.01
0	0.01
0	0.01
0	0.01
0	0.01
0	-0.01
0	-0.01
0	-0.01
0	-0.01
0	-0.01
0	-0.01
0	-0.01
0	-0.01
0	-0.01
0	-0.01
0	-0.01
0	-0.01
0	-0.01
0	-0.02
0	-0.04
0	-0.16
0	-0.47
0	-0.47
0	-0.44
0	-0.44
0	-0.44
0	-0.44
0	-0.44
0	-0.44
0	-0.44
0	-0.44
0	-0.44
0	-0.44
0	-0.44
0	-0.44
0	-0.33
0	-0.05
0	0.01
0	0.01
0	0.01
0	0.02
0	0.05
0	0.21
0	0.45
0	0.49
0	0.51
0	0.49
0	0.41
0	0.36
0	0.22
0	0.2
0	0.17
0	0
0	0
0	0
0	0
0	0
0	0
0	0
0	0
0	0
0	0
0	0
0	0
0	0
0	0
0	0
0	0
0	0.01
0	0.02
0	0.01
0	0.01
0	0.01
0	0.01
0	0.01
0	0.01
0	0.01
0	0.01
0	0.01
0	0.01
0	0.01
0	0.01
0	0.01
0	0.01
0	-0.02
0	-0.02
0	-0.02
0	-0.02
0	-0.02
0	-0.02
0	-0.02
0	-0.02
0	-0.02
0	-0.02
0	-0.02
0	-0.02
0	-0.02
0	-0.02
0	-0.03
0	-0.26
0	-0.48
0	-0.48
0	-0.44
0	-0.44
0	-0.44
0	-0.44
0	-0.44
0	-0.44
0	-0.44
0	-0.44
0	-0.44
0	-0.44
0	-0.44
0	-0.4
0	-0.1
0	0.01
0	0.01
0	0.01
0	0.03
0	0.05
0	0.23
0	0.32
0	0.28
0	0.2
0	0.17
0	0.09
0	0.01
0	0.01
0	0
0	0
0	0
0	0
0	0
0	0
0	0
0	0
0	0
0	0
0	0
0	0
0	0
0	0
0	0
0	0.01
0	0.01
0	0.01
0	0.01
0	0.01
0	0.01
0	0.01
0	0.01
0	0.01
0	0.01
0	0.01
0	0.01
0	0.01
0	0.01
0	0.01
0	0
0	-0.01
0	-0.01
0	-0.01
0	-0.01
0	-0.01
0	-0.01
0	-0.01
0	-0.01
0	-0.01
0	-0.01
0	-0.01
0	-0.01
0	-0.01
0	-0.02
0	-0.05
0	-0.35
0	-0.48
0	-0.47
0	-0.44
0	-0.44
0	-0.44
0	-0.44
0	-0.44
0	-0.44
0	-0.44
0	-0.44
0	-0.44
0	-0.44
0	-0.44
0	-0.32
0	-0.04
0	0.01
0	0.01
0	0.01
0	0.02
0	0.04
0	0.2
0	0.41
0	0.48
0	0.45
0	0
0	0
0	0
0	0
0	0
0	0
0	0
0	0
0	0
0	0
0	0
0	0
0	0
0	0
0	0
0	0
0	0
0	0
0	0
0	0
0	0
0	0
0	0
0	0
0	0
0	0
0	0
0	0
0	0
0	0
0	0
0	0
0	0
0	0
0	0
0	0
