software hardware
1.900655	2.17
1.801371	2.87
1.702146	3.06
1.602981	3.07
1.503876	3.15
1.404832	4.02
1.305847	2.84
1.206922	0.54
1.108058	-3.14
1.009253	-5.62
0.910508	-7.12
0.811824	-7.96
0.713199	-8.09
0.614635	-12.09
0.51613	-15.54
0.417686	-21.24
0.319301	-16.65
0.220977	-13.64
0.122712	-15.09
0.024508	-17.13
-0.073637	-20.81
-0.171721	-14.79
-0.269745	-12.99
-0.367709	-15.39
-0.465614	-15.41
-0.563458	-15.41
-0.661242	-15.41
-0.758966	-15.41
-0.85663	-15.41
-0.954234	-15.41
-1.051778	-15.41
-1.149262	-15.42
-1.246685	-15.46
-1.344049	-15.46
-1.441353	-17.41
-1.538596	-23.46
-1.63578	-31.77
-1.732903	-43.89
-1.829966	-47.55
-1.92697	-47.55
-2.023913	-46.32
-2.120796	-34.19
-2.217619	-34.16
-2.314382	-34.16
-2.411117	-34.16
-2.5079	-34.16
-2.604736	-34.16
-2.701626	-34.16
-2.798569	-34.16
-2.895566	-32.96
-2.992616	-32.08
-3.089738	-29.84
-3.187192	-24.16
-3.284577	-18.74
-3.381738	2.53
-3.478673	3.19
-3.575384	3.19
-3.671872	3.29
-3.768136	3.62
-3.864178	5.88
-3.959996	6.98
-4.055592	6.28
-4.150967	4.14
-4.24612	2.3
-4.341053	0.36
-4.435765	-0.44
-4.530256	-1.3
-4.624528	-1.82
-4.718581	-2.56
-4.812415	-3.52
-4.90603	-3.67
-4.999428	-4.36
-5.092608	-6.1
-5.18557	-7.73
-5.278316	-7.74
-5.370845	-7.74
-5.463158	-7.74
-5.555256	-7.74
-5.647136	-7.74
-5.738779	-7.74
-5.830182	-7.74
-5.921344	-7.74
-6.012274	-7.69
-6.10307	-5.95
-6.193756	-5.04
-6.28433	-3.62
-6.374794	-3.07
-6.465148	-3.21
-6.555393	-3.22
-6.64553	-3.22
-6.735557	-3.28
-6.825307	-3.29
-6.914636	-3.29
-7.00371	-3.29
-7.092546	-3.29
-7.181143	-3.29
-7.2695	-3.29
-7.35762	-3.29
-7.445503	-3.29
-7.533149	-2.83
-7.620558	-2
-7.707732	-1.96
-7.794672	-3.84
-7.881376	-7.52
-7.967846	-20.15
-8.054084	-21.12
-8.140088	-21.82
-8.22586	-21.92
-8.311402	-21.92
-8.39671	-21.92
-8.481789	-21.92
-8.566637	-21.92
-8.651257	-21.92
-8.735647	-22.45
-8.819809	-24.87
-8.903743	-25.32
-8.98745	-28.63
-9.07093	-31.96
-9.154183	-43.89
-9.237212	-44.93
-9.320016	-44.64
-9.402595	-37.67
-9.48495	-37.11
-9.567081	-37.11
-9.648991	-37.11
-9.730677	-37.11
-9.812141	-37.1
-9.893385	-35.58
-9.974407	-31.27
-10.05521	-30.46
-10.135793	-26.51
-10.216156	-23.61
-10.296301	-1.59
-10.376228	-0.93
-10.455937	-0.92
-10.53543	-0.9
-10.614706	-0.87
-10.693766	-0.7
-10.772611	-0.63
-10.85124	-0.82
-10.929655	-0.85
-11.007856	-0.85
-11.085844	-0.85
-11.163619	-0.85
-11.241182	-0.85
-11.318534	-0.85
-11.395674	-0.85
-11.472603	-0.85
-11.549321	-0.85
-11.62583	-0.7
-11.702129	-0.63
-11.77822	-0.46
-11.854103	-0.36
-11.929751	-0.38
-12.004998	-0.38
-12.07983	-0.39
-12.154248	-0.39
-12.228256	-0.39
-12.301855	-0.39
-12.375048	-0.39
-12.447836	-0.39
-12.520223	-0.39
-12.592209	-0.39
-12.663798	-0.39
-12.734992	-0.32
-12.805793	-0.29
-12.876202	-0.35
-12.946221	-0.53
-13.015855	-0.95
9.159572	-0.96
9.048538	-0.99
8.937705	-0.99
8.827072	-0.99
8.716639	-0.99
8.606404	-0.99
8.496368	-0.99
8.386531	-1.09
8.276892	-1.23
8.16745	-1.31
8.058206	-1.64
7.949158	-2
7.840306	-9.91
7.731651	-24.53
7.623192	-36.98
7.514927	-37.1
7.406858	-36.39
7.298982	-31.63
7.191302	-31.59
7.083816	-31.59
6.976522	-31.59
6.869422	-31.59
6.762515	-31.59
6.6558	-31.59
6.549277	-30.63
6.442946	-27.35
6.336806	-26.77
6.230856	-22.82
6.125097	-19.25
6.019528	0.08
5.914149	2.68
5.808959	2.68
5.703958	2.7
5.599146	2.92
5.494522	3.29
5.390087	3.39
5.285839	1.58
5.181778	1
5.077904	0.41
4.974217	0.17
4.870716	-1.02
4.7674	-2.03
4.66427	-2.11
4.561324	-2.3
4.458564	-3.36
4.355988	-3.46
4.253596	-3.47
4.151387	-3.47
4.049362	-3.47
3.94752	-3.47
3.84586	-3.47
3.744383	-3.47
3.643088	-3.47
3.541974	-3.47
3.441041	-3.47
3.340289	-3.17
3.239718	-2.45
3.139327	-2.04
3.039116	-1.54
2.939083	-1.55
2.83923	-1.54
2.739556	-1.54
2.640061	-1.55
2.540743	-1.57
2.441603	-1.57
2.342641	-1.57
2.243855	-1.57
2.145246	-1.57
2.046814	-1.57
1.948558	-1.57
1.850477	-1.56
1.752572	-1.38
1.654842	-1.04
1.557286	-1.02
1.459904	-1.75
1.362697	-3.42
1.265664	-4.84
1.168803	-4.87
1.072116	-5.01
0.975601	-5.01
0.879259	-5.01
0.783089	-5.01
0.68709	-5.01
0.591263	-5.01
0.495606	-5.11
0.400121	-5.94
0.304805	-6.19
0.209626	-7.27
0.11413	-8.73
0.018178	-15.87
-0.078231	-26.72
-0.175097	-40.28
-0.272419	-40.47
-0.370101	-39.87
-0.467756	-34.08
-0.56535	-34.03
-0.662885	-34.03
-0.76036	-34.03
-0.857775	-34.03
-0.95513	-34.03
-1.052425	-33.15
-1.149661	-29.16
-1.246836	-28.33
-1.343952	-24.33
-1.441064	-21.12
-1.538229	-2.18
-1.635446	1.34
-1.732751	1.33
-1.830167	1.34
-1.927697	1.4
-2.02534	1.6
-2.123097	1.73
-2.220941	1.56
-2.318854	0.88
-2.416835	0.03
-2.514906	-0.78
-2.613345	-1.7
-2.711836	-1.71
-2.810188	-1.71
-2.908398	-1.71
-3.006469	-1.71
-3.104401	-1.71
-3.202195	-1.71
-3.299851	-1.71
-3.39737	-1.71
-3.494753	-1.71
-3.592	-1.71
-3.689112	-1.48
-3.78609	-1.24
-3.882941	-0.93
-3.97974	-0.73
-4.076304	-0.77
-4.172609	-0.77
-4.268658	-0.77
-4.36445	-0.78
-4.459986	-0.78
-4.555267	-0.78
-4.650294	-0.78
-4.745066	-0.78
-4.839585	-0.78
-4.933851	-0.78
-5.027866	-0.78
-5.121628	-0.78
-5.21514	-0.76
-5.3084	-0.59
-5.401412	-0.54
-5.494174	-0.72
-5.586688	-1.13
-5.678954	-2.08
-5.770973	-2.1
-5.862746	-2.18
-5.954272	-2.2
-6.045552	-2.2
-6.136587	-2.2
-6.227378	-2.2
-6.317926	-2.2
-6.40823	-2.2
-6.498292	-2.26
-6.588111	-2.64
-6.677689	-2.72
-6.767026	-3.25
-6.856124	-3.94
-6.944981	-8.36
-7.0336	-19.83
-7.121979	-35.18
-7.210121	-38.32
-7.298026	-38.23
-7.385694	-36.38
-7.473126	-32.14
-7.560322	-32.13
-7.647284	-32.13
-7.73401	-32.13
-7.820503	-32.13
-7.906762	-32.13
-7.992789	-32.05
-8.078583	-28.73
-8.164146	-27.3
-8.249478	-24.3
-8.334578	-20.54
-8.41945	-10.12
-8.504091	2.4
6.011952	2.4
5.90653	2.41
5.801298	2.55
5.696254	2.75
5.5914	3.04
5.486734	2.86
5.382256	1.49
5.277966	0.51
5.173862	0.08
5.069946	-0.89
4.966216	-1.12
4.862674	-1.96
4.759316	-2.17
4.656143	-2.43
4.553156	-3.14
4.450354	-3.15
4.347736	-3.15
4.245302	-3.15
4.143052	-3.15
4.040986	-3.15
3.939102	-3.15
3.837402	-3.15
3.735883	-3.15
3.634546	-3.15
3.533391	-2.7
3.432418	-2.23
3.331624	-1.73
3.231012	-1.36
3.13058	-1.41
3.030328	-1.4
2.930256	-1.4
2.830362	-1.42
2.730647	-1.43
2.631111	-1.43
2.531753	-1.43
2.432572	-1.43
2.33357	-1.43
2.234744	-1.43
2.136095	-1.43
2.037623	-1.43
1.939326	-1.38
1.841206	-1.01
1.743261	-0.93
1.64549	-1.39
1.547895	-2.27
1.450474	-4.29
1.353227	-4.31
1.256154	-4.46
1.159254	-4.46
1.062528	-4.46
0.965974	-4.46
0.869592	-4.46
0.773383	-4.46
0.677345	-4.46
0.581478	-5.04
0.485783	-5.49
0.390258	-6.2
0.294904	-7.51
0.19972	-11.69
0.104705	-24.66
0.009828	-39.37
-0.084931	-40.11
-0.179571	-39.71
-0.274094	-33.78
-0.368501	-33.75
-0.462791	-33.75
-0.556937	-33.75
-0.650942	-33.75
-0.74516	-33.75
-0.839816	-33.62
-0.934912	-29.73
-1.030456	-28.34
-1.126538	-25.78
-1.22317	-22.1
-1.320353	-12.25
-1.418069	1.47
-1.515988	1.5
-1.613975	1.51
-1.712028	1.55
-1.810148	1.59
-1.908336	1.74
-2.006591	1.93
-2.104914	1.7
-2.203306	1.46
-2.30178	0.47
-2.400618	-0.73
-2.499979	-1.56
-2.599709	-1.79
-2.699342	-1.93
-2.798991	-1.93
-2.898563	-1.93
-2.997874	-1.93
-3.096922	-1.93
-3.195706	-1.93
-3.294226	-1.93
-3.392485	-1.93
-3.490481	-1.93
-3.588216	-1.93
-3.685691	-1.81
-3.782906	-1.41
-3.879862	-1.17
-3.976559	-0.87
-4.072998	-0.87
-4.16918	-0.86
-4.265105	-0.86
-4.360774	-0.88
-4.456187	-0.88
-4.551346	-0.88
-4.64625	-0.88
-4.740901	-0.88
-4.835298	-0.88
-4.929444	-0.88
-5.023337	-0.88
-5.116979	-0.88
-5.21037	-0.83
-5.303512	-0.62
-5.396404	-0.6
-5.489048	-0.86
-5.581442	-1.45
-5.67359	-2.39
-5.76549	-2.4
4.100001	-2.45
3.997988	-2.52
3.896158	-2.52
3.79451	-2.52
3.693044	-2.52
3.59176	-2.52
3.490658	-2.52
3.389737	-2.55
3.288997	-2.95
3.188438	-3.1
3.088058	-3.57
2.987858	-4.35
2.887838	-8.91
2.787996	-19.92
2.688333	-35.99
2.588849	-38.6
2.489543	-38.41
2.390414	-34.95
2.291463	-32.37
2.192689	-32.37
2.094091	-32.37
1.99567	-32.37
1.897425	-32.37
1.799355	-32.36
1.701461	-30.45
1.603742	-27.61
1.506197	-26.4
1.408826	-22.2
1.31163	-18.96
1.214607	1.98
1.117758	2.28
1.021081	2.28
0.924577	2.37
0.828216	2.42
0.73198	2.77
0.635866	2.92
0.539876	2.1
0.444009	1.18
0.348262	0.41
0.252652	-0.79
0.157199	-1.57
0.061905	-2.12
-0.033232	-2.14
-0.128212	-2.94
-0.223034	-2.99
-0.3177	-2.99
-0.41221	-2.99
-0.506565	-2.99
-0.600763	-2.99
-0.694807	-2.99
-0.788696	-2.99
-0.882441	-2.99
-0.97613	-2.99
-1.069823	-2.93
-1.164005	-2.3
-1.258724	-2.06
-1.353983	-1.48
-1.449781	-1.25
-1.54612	-1.33
-1.643002	-1.33
-1.740427	-1.34
-1.838397	-1.35
-1.936814	-1.35
-2.035326	-1.35
-2.133912	-1.35
-2.232943	-1.35
-2.33304	-1.35
-2.433751	-1.35
-2.534243	-1.35
-2.634468	-1.35
-2.734426	-1.33
-2.834118	-1.01
-2.933545	-0.89
-3.032707	-1.25
-3.131606	-2
-3.23024	-4
-3.328613	-4.03
-3.426723	-4.17
-3.524572	-4.17
-3.62216	-4.17
-3.719488	-4.17
-3.816557	-4.17
-3.913366	-4.17
-4.009918	-4.18
2.874348	-4.77
2.77452	-5.13
2.674871	-5.64
2.5754	-6.87
2.476107	-10.16
2.376991	-20.09
2.278053	-37.48
2.179292	-39.9
2.080708	-39.6
1.9823	-37.58
1.884068	-33.6
1.786011	-33.6
1.68813	-33.6
1.590423	-33.6
1.492892	-33.6
1.395534	-31.87
1.298348	-28.51
1.201301	-28.04
1.10438	-24.01
1.007586	-20.74
0.910917	-0.34
0.814373	1.59
0.717952	1.59
0.621671	1.59
0.52555	1.66
0.429588	1.87
0.333785	2.04
0.238141	1.61
0.142656	0.82
0.047329	0.31
-0.047841	-0.74
-0.142853	-0.86
-0.237708	-1.62
-0.332407	-1.78
-0.426949	-1.98
-0.521336	-2.02
-0.615567	-2.04
-0.709643	-2.04
-0.803571	-2.04
-0.897435	-2.04
-0.991251	-2.04
-1.08502	-2.04
-1.178743	-2.04
-1.272604	-2.04
-1.366976	-2.04
-1.461882	-1.96
-1.557324	-1.51
-1.653302	-1.29
-1.749817	-0.94
-1.846871	-0.92
-1.944603	-0.91
-2.043472	-0.91
-2.143409	-0.93
-2.243818	-0.93
-2.344728	-0.93
-2.44543	-0.93
-2.545866	-0.93
-2.646034	-0.93
-2.745935	-0.93
1.9919	-0.93
1.893645	-0.93
1.795566	-0.78
1.697662	-0.64
1.599933	-0.69
1.502376	-1.15
1.404958	-2.33
1.307668	-2.56
1.210505	-2.58
1.113469	-2.67
1.01656	-2.67
0.919776	-2.67
0.82313	-2.67
0.726644	-2.67
0.630319	-2.67
0.534154	-2.68
0.438149	-3.01
0.342303	-3.28
0.246616	-3.62
0.151087	-4.44
0.055717	-6.56
-0.039496	-18.57
-0.134551	-36.19
-0.229448	-38.74
-0.32419	-38.45
-0.418775	-35.25
-0.513204	-32.51
-0.607477	-32.51
-0.701596	-32.51
-0.795585	-32.51
-0.889522	-32.51
-0.983411	-32.51
-1.077253	-31.22
-1.171049	-27.82
-1.264799	-26.77
-1.35866	-22.53
-1.453025	-19.27
-1.547922	1.83
-1.643353	2.21
-1.739318	2.21
-1.836063	2.31
1.353769	2.56
1.256494	2.8
1.159347	2.47
1.062326	1.18
0.965433	0.5
0.868696	-0.74
0.772119	-1.15
0.675704	-1.19
0.579449	-2.08
0.483354	-2.18
0.387418	-2.87
0.291641	-2.88
0.196024	-2.88
0.100565	-2.88
0.005263	-2.88
-0.08988	-2.88
-0.184866	-2.88
-0.279696	-2.88
-0.374369	-2.88
-0.468886	-2.82
-0.563247	-2.21
-0.657452	-1.98
-0.751511	-1.41
-0.845504	-1.22
-0.93945	-1.29
-1.033349	-1.28
-1.127201	-1.29
0.854705	-1.31
0.758145	-1.31
0.661746	-1.31
0.565507	-1.31
0.469428	-1.31
0.373508	-1.31
0.277748	-1.31
0.182146	-1.31
0.086703	-1.31
-0.008583	-1.31
-0.10371	-1.12
-0.198681	-0.88
-0.293494	-0.98
-0.388152	-1.66
-0.482653	-3.5
-0.576998	-3.86
-0.671189	-3.95
0.535672	-4
0.43964	-4
0.343767	-4
0.248053	-4
0.152498	-4
0.057101	-4
-0.038138	-4.07
-0.13322	-4.74
-0.228144	-4.94
-0.322912	-5.78
0.292266	-6.97
0.196637	-13.69
0.101165	-25.62
0.005852	-39.76
-0.089303	-39.75
0.129011	-38.88
0.033651	-33.51
0.043085	-33.5
0.036492	-33.5
0.0411	-33.5
0.03788	-33.5
0.04013	-33.5
0.038558	-33.42
0.039657	-29.73
0.038889	-28.18
0.039425	-25.79
0.03905	-22.04
0.039312	-13.31
0.039129	1.59
0.039257	1.64
0.039168	1.65
0.03923	1.69
0.039187	1.72
0.039217	2.03
0.039196	2.13
0.039211	1.35
0.0392	0.8
0.039208	0.02
0.039202	-0.82
0.039206	-1.53
0.039203	-1.99
0.039205	-2.1
0.039204	-2.11
0.039205	-2.11
0.039204	-2.11
0.039205	-2.11
0.039204	-2.11
0.039205	-2.11
0.039204	-2.11
0.039205	-2.11
0.039204	-2.11
0.039205	-1.98
0.039204	-1.54
0.039205	-1.27
0.039205	-0.95
0.039205	-0.95
0.039205	-0.95
0.039205	-0.94
0.039205	-0.96
0.039205	-0.96
0.039205	-0.96
0.039205	-0.96
0.039205	-0.96
0.039205	-0.96
0.039205	-0.96
0.039205	-0.96
0.039205	-0.9
0.039205	-0.68
0.039205	-0.65
0.039205	-1.03
0.039205	-1.99
0.039205	-2.67
0.039205	-2.67
0.039205	-2.78
0.039205	-2.78
0.039205	-2.78
0.039205	-2.78
0.039205	-2.78
0.039205	-2.78
0.039205	-2.88
0.039205	-3.37
0.039205	-3.45
0.039205	-4.14
0.039205	-4.99
0.039205	-12.34
0.039205	-23.13
0.039205	-36.25
0.039205	-38.83
0.039205	-38.39
0.039205	-32.72
0.039205	-32.59
0.039205	-32.59
0.039205	-32.59
0.039205	-32.59
0.039205	-32.59
0.039205	-32.58
0.039205	-31.2
0.039205	-27.86
0.039205	-26.92
0.039205	-22.68
0.039205	-19.41
0.039205	1.79
0.039205	2.16
0.039205	2.17
0.039205	2.22
0.039205	2.28
0.039205	2.53
0.039205	2.75
0.039205	2.37
0.039205	1.24
0.039205	0.84
0.039205	0.61
0.039205	-0.51
0.039205	-1.16
0.039205	-1.43
0.039205	-2.06
0.039205	-2.14
0.039205	-2.24
0.039205	-2.81
0.039205	-2.83
0.039205	-2.83
0.039205	-2.83
0.039205	-2.83
0.039205	-2.83
0.039205	-2.83
0.039205	-2.83
0.039205	-2.83
0.039205	-2.83
0.039205	-2.82
0.039205	-2.34
0.039205	-2
0.039205	-1.49
0.039205	-1.21
0.039205	-1.26
0.039205	-1.26
0.039205	-1.26
0.039205	-1.28
0.039205	-1.28
0.039205	-1.28
0.039205	-1.28
0.039205	-1.28
0.039205	-1.28
0.039205	-1.28
0.039205	-1.28
0.039205	-1.28
0.039205	-1.12
0.039205	-0.87
0.039205	-0.92
0.039205	-1.58
0.039205	-3.25
0.039205	-3.77
0.039205	-3.79
0.039205	-3.9
0.039205	-3.9
0.039205	-3.9
0.039205	-3.9
0.039205	-3.9
0.039205	-3.9
0.039205	-3.9
0.039205	-4.25
0.039205	-4.8
0.039205	-5.19
0.039205	-6.35
0.039205	-8.28
0.039205	-19.55
0.039205	-38.93
0.039205	-39.71
0.039205	-39.31
0.039205	-33.43
0.039205	-33.41
0.039205	-33.41
0.039205	-33.41
0.039205	-33.41
0.039205	-33.41
0.039205	-32.24
0.039205	-28.52
0.039205	-28
0.039205	-24.16
0.039205	-20.81
0.039205	-1.75
0.039205	1.7
0.039205	1.7
0.039205	1.71
0.039205	1.78
0.039205	2.07
0.039205	2.19
0.039205	1.42
0.039205	0.4
0.039205	-0.74
0.039205	-1.24
0.039205	-1.42
0.039205	-1.8
0.039205	-2.13
0.039205	-2.15
0.039205	-2.18
0.039205	-2.19
0.039205	-2.19
0.039205	-2.19
0.039205	-2.19
0.039205	-2.19
0.039205	-2.19
0.039205	-2.19
0.039205	-2.19
0.039205	-2.18
0.039205	-1.85
0.039205	-1.56
0.039205	-1.16
0.039205	-0.93
0.039205	-0.98
0.039205	-0.98
0.039205	-0.98
0.039205	-0.99
0.039205	-0.99
0.039205	-0.99
0.039205	-0.99
0.039205	-0.99
0.039205	-0.99
0.039205	-0.99
0.039205	-0.99
0.039205	-0.99
0.039205	-0.78
0.039205	-0.68
0.039205	-0.89
0.039205	-1.4
0.039205	-2.75
0.039205	-2.78
0.039205	-2.89
0.039205	-2.9
0.039205	-2.9
0.039205	-2.9
0.039205	-2.9
0.039205	-2.9
0.039205	-2.9
0.039205	-3.06
0.039205	-3.54
0.039205	-3.6
0.039205	-4.37
0.039205	-5.25
0.039205	-13.69
0.039205	-27.42
0.039205	-38.65
0.039205	-38.92
0.039205	-38.21
0.039205	-32.71
0.039205	-32.7
0.039205	-32.7
0.039205	-32.7
0.039205	-32.7
0.039205	-32.7
0.039205	-31.03
0.039205	-27.86
0.039205	-26.66
0.039205	-22.48
0.039205	-19.29
0.039205	1.81
0.039205	2.1
0.039205	2.1
0.039205	2.15
0.039205	2.21
0.039205	2.45
0.039205	2.67
0.039205	2.29
0.039205	1.26
0.039205	0.6
0.039205	-0.6
0.039205	0
0.039205	0
0.039205	0
0.039205	0
0.039205	0
0.039205	0
0.039205	0
0.039205	0
0.039205	0
0.039205	0
0.039205	0
0.039205	0
0.039205	0
0.039205	0
0.039205	0
0.039205	0
0.039205	0
0.039205	0
0.039205	0
0.039205	0
0.039205	0
0.039205	0
0.039205	0
0.039205	0
0.039205	0
0.039205	0
0.039205	0
0.039205	0
0.039205	0
0.039205	0
0.039205	0
0.039205	0
0.039205	0
0.039205	0
0.039205	0
0.039205	0
